[[  6.57000923e-02   1.66926266e-01   1.48721257e-01   3.88809582e-02  0.00000000e+00   1.33984320e-01   2.29732681e-04]
 [  5.35987510e-03   3.72733813e-04   2.58081734e-03   2.04425720e-03  0.00000000e+00   8.39239415e-03   3.47600413e-03]
 [  1.37761676e-01   2.76561509e-01   1.82191572e-02   5.39771416e-02  0.00000000e+00   2.32182529e-01   1.30204849e-05]
 [  1.07016008e-01   2.48729440e-01   2.20537965e-01   4.65268975e-02  0.00000000e+00   1.93643664e-01   1.66424298e-04]
 [  2.93085759e-02   8.29531619e-02   5.89546060e-02   2.23821902e-0    0.00000000e+00   7.07464240e-02   6.85128676e-04]
 [  4.75179298e-01   5.92379659e-01   6.62791840e-01   4.60807438e-01    0.00000000e+00   5.46391578e-01   3.84261389e-01]
 [  2.08726929e-01   4.19305358e-01   2.63535075e-02   3.47599431e-03    0.00000000e+00   4.07681222e-04   2.31267058e-01]
 [  1.20642247e-01   8.55361288e-03   1.65798707e-01   5.95439711e-02    0.00000000e+00   2.46753331e-03   1.68463410e-01]
 [  7.25257700e-02   1.83180074e-01   9.69716840e-03   3.14571957e-02    0.00000000e+00   1.43722509e-01   8.83122178e-04]
 [  1.50749019e-01   3.24167586e-01   2.91326784e-01   6.01857584e-02    0.00000000e+00   2.48909199e-01   1.14572843e-03]]
{0: 75548, 1: 108181, 2: 35272, 3: 54096, 4: 84956, 5: 853, 6: 2269, 7: 8496, 8: 34019, 9: 59228}
[[  1.49639766e-01   3.26421336e-01   2.88908407e-01   5.99732724e-02    0.00000000e+00   2.37513225e-01   1.26935134e-03]
 [  2.91376142e-02   8.27317656e-02   7.30370140e-02   2.59795419e-02    0.00000000e+00   6.76774498e-02   5.89472709e-04]
 [  6.43515720e-03   5.66076824e-03   1.93935837e-03   1.97024366e-03    0.00000000e+00   1.15214175e-02   2.94315752e-03]
 [  1.27179510e-01   2.73378873e-01   1.89301236e-02   5.15506404e-02    0.00000000e+00   2.10075106e-01   2.68832108e-05]
 [  1.02045981e-01   2.44424943e-01   2.13349013e-01   4.69296452e-02    0.00000000e+00   1.79494229e-01   2.02861256e-04]
 [  2.13705899e-01   4.31307551e-01   2.97299016e-02   4.25476830e-03    0.00000000e+00   8.35714488e-04   2.37387432e-01]
 [  4.97810137e-01   6.26045465e-01   6.73900055e-01   4.83524294e-01    0.00000000e+00   5.67825478e-01   3.83965694e-01]
 [  5.97501628e-02   1.61264051e-01   9.20239816e-03   2.61290359e-02    0.00000000e+00   1.18550857e-01   1.20351670e-03]
 [  6.30028027e-02   1.64303414e-01   1.44589763e-01   3.86683212e-02    0.00000000e+00   1.24601530e-01   1.75469509e-04]
 [  1.26812875e-01   9.15226145e-03   1.62298867e-01   6.99831244e-02    0.00000000e+00   3.05578954e-03   1.75071419e-01]]
{0: 63688, 1: 67645, 2: 117457, 3: 42540, 4: 59799, 5: 2193, 6: 840, 7: 36985, 8: 65801, 9: 7618}
[[  1.43009048e-01   1.01507774e-02   1.78378808e-01   7.65220903e-02    0.00000000e+00   2.92926065e-03   1.92672129e-01]
 [  1.49854825e-01   3.28894198e-01   2.88470515e-01   5.98877007e-02    0.00000000e+00   2.56913339e-01   1.17355883e-03]
 [  5.23551436e-03   3.53448762e-04   2.42654237e-03   2.13359496e-03    0.00000000e+00   7.94307558e-03   3.67906931e-03]
 [  1.34649506e-01   2.88279198e-01   2.35236120e-02   5.27937293e-02    0.00000000e+00   2.37106794e-01  -1.29063427e-15]
 [  1.02472819e-01   2.45208943e-01   2.12538701e-01   4.61062799e-02    0.00000000e+00   1.94527004e-01   2.06898299e-04]
 [  2.89794600e-02   7.88426726e-02   5.04079646e-02   1.52823913e-02    0.00000000e+00   7.23303108e-02   7.53524429e-04]
 [  7.36962612e-02   1.93283550e-01   1.19033649e-02   3.28127879e-02    0.00000000e+00   1.51338148e-01   6.65940001e-04]
 [  4.91058031e-01   6.29418664e-01   6.73106362e-01   4.69986536e-01    0.00000000e+00   5.88690956e-01   3.85536149e-01]
 [  2.12952933e-01   4.30153179e-01   2.76498834e-02   7.23727771e-03    0.00000000e+00   5.26347678e-04   2.36213159e-01]
 [  5.85425348e-02   1.55155084e-01   1.36505795e-01   4.25559739e-02    0.00000000e+00   1.27186400e-01   2.17447351e-04]]
{0: 6392, 1: 64055, 2: 106602, 3: 36416, 4: 59816, 5: 75274, 6: 41117, 7: 870, 8: 2177, 9: 76589}
[[  7.28379949e-02   1.94008612e-01   9.67388408e-03   3.10333460e-02    0.00000000e+00   1.50241035e-01   7.34766343e-04]
 [  2.75878150e-02   7.42292004e-02   4.16624811e-02   1.80806594e-02    0.00000000e+00   6.91897048e-02   1.05044069e-03]
 [  1.45289340e-01   3.24600385e-01   2.79457456e-01   5.81717922e-02    0.00000000e+00   2.51735524e-01   4.04448494e-04]
 [  8.98551650e-02   2.24522083e-01   1.90445948e-01   4.45331160e-02    0.00000000e+00   1.76669867e-01   2.25897059e-04]
 [  4.73485575e-03   2.55067202e-04   2.34463055e-03   1.52850788e-03    0.00000000e+00   7.34257850e-03   3.21357324e-03]
 [  4.27834909e-01   6.16788210e-01   5.68404710e-01   3.19785321e-01    0.00000000e+00   5.39959707e-01   2.71509552e-01]
 [  1.33012937e-01   2.91750400e-01   2.17198785e-02   5.28541829e-02    0.00000000e+00   2.35423052e-01   1.62613138e-06]
 [  4.92087056e-02   1.37703419e-01   1.18609198e-01   3.49014438e-02    0.00000000e+00   1.11450346e-01   3.11754697e-04]
 [  1.42959389e-01   1.06861817e-02   1.81465187e-01   6.95834747e-02    0.00000000e+00   3.07654559e-03   1.92755409e-01]
 [  2.15016152e-01   4.39822004e-01   2.45011558e-02   3.86798946e-03    0.00000000e+00   2.60673234e-04   2.38102590e-01]]
{0: 38668, 1: 62174, 2: 76523, 3: 68552, 4: 102247, 5: 1334, 6: 42554, 7: 60813, 8: 5810, 9: 2111}
[[  5.12392018e-03   3.94959748e-04   2.72927067e-03   2.00541531e-03   0.00000000e+00   8.38880018e-03   3.17307780e-03]
 [  6.47331947e-02   1.74978845e-01   1.51074534e-01   4.13494281e-02    0.00000000e+00   1.36969280e-01   2.30642525e-04]
 [  1.52046791e-01   3.38518147e-01   2.93087699e-01   6.03897394e-02    0.00000000e+00   2.58967313e-01   1.36500304e-03]
 [  1.36814941e-01   3.01000941e-01   2.25603737e-02   5.48200381e-02    0.00000000e+00   2.39270543e-01   2.77122075e-15]
 [  3.19093379e-02   8.93286621e-02   5.54279821e-02   2.14020227e-02    0.00000000e+00   7.82769466e-02   5.97151669e-04]
 [  4.92686148e-01   6.45750696e-01   6.81044527e-01   4.78638418e-01    0.00000000e+00   5.88612756e-01   3.93837491e-01]
 [  8.14026722e-02   2.13644952e-01   1.14914371e-02   3.51807709e-02    0.00000000e+00   1.62813731e-01   5.89554873e-04]
 [  1.08383640e-01   2.61959248e-01   2.23816326e-01   4.81447307e-02    0.00000000e+00   2.02178578e-01   8.99708788e-05]
 [  2.11309123e-01   4.37761729e-01   2.97103217e-02   4.25083190e-03    0.00000000e+00   8.30701034e-04   2.33719464e-01]
 [  1.38219624e-01   7.25161085e-03   1.67113051e-01   7.80440126e-02    0.00000000e+00   3.50584581e-03   1.87081528e-01]]
{0: 105905, 1: 67972, 2: 55577, 3: 34037, 4: 92864, 5: 750, 6: 38272, 7: 56366, 8: 2101, 9: 5805}
[[  5.23738023e-03   3.77136378e-04   2.27010363e-03   1.79822226e-03    0.00000000e+00   8.12773233e-03   3.45982778e-03]
 [  9.48953303e-02   2.36402420e-01   1.99228759e-01   4.63267330e-02    0.00000000e+00   1.81093956e-01   1.80001796e-04]
 [  7.06569537e-02   1.92617462e-01   1.47246243e-02   2.83099079e-02    0.00000000e+00   1.44391074e-01   7.60559721e-04]
 [  1.44651072e-01   3.25973139e-01   2.81324648e-01   5.94809222e-02    0.00000000e+00   2.46669793e-01   1.03481175e-03]
 [  5.48031602e-02   1.51002469e-01   1.30262403e-01   4.21366266e-02    0.00000000e+00   1.19132096e-01   2.58407769e-04]
 [  1.29096231e-01   2.91229804e-01   3.40365274e-02   5.19446867e-02    0.00000000e+00   2.26564894e-01   1.00313793e-05]
 [  4.87036632e-01   6.34537557e-01   6.66812960e-01   4.79918068e-01    0.00000000e+00   5.79718963e-01   3.87128041e-01]
 [  1.43569387e-01   8.15204982e-03   1.72258343e-01   8.21775482e-02    0.00000000e+00   3.39029725e-03   1.92525067e-01]
 [  3.00495399e-02   7.80616835e-02   5.31334087e-02   1.40492688e-02    0.00000000e+00   7.31370628e-02   6.35222930e-04]
 [  2.12647770e-01   4.39316163e-01   2.76362605e-02   4.99063403e-03    0.00000000e+00   6.02490926e-04   2.34737562e-01]]
{0: 110545, 1: 67931, 2: 34717, 3: 69586, 4: 68058, 5: 39072, 6: 791, 7: 5716, 8: 79135, 9: 2029}
